knownMean=FALSE, n=3:
0.972 0.987 0.995 0.994 0.997 0.999 0.996 0.998 0.998 1.000 0.999 0.998 0.999 0.997 0.994 0.998 0.996 0.983 0.967

knownMean=FALSE, n=10:
0.997 0.988 0.970 0.938 0.930 0.875 0.815 0.805 0.765 0.755 0.747 0.788 0.840 0.862 0.900 0.928 0.969 0.980 0.996

knownMean=FALSE, n=100:
1.000 0.999 0.994 0.973 0.932 0.897 0.800 0.589 0.403 0.171 0.374 0.610 0.780 0.887 0.944 0.970 0.990 1.000 0.999

knownMean=TRUE, n=3:
0.993 0.999 1.000 1.000 1.000 1.000 1.000 1.000 1.000 1.000 1.000 1.000 1.000 1.000 1.000 1.000 1.000 0.998 0.995

knownMean=TRUE, n=10:
0.997 0.996 0.971 0.948 0.907 0.884 0.825 0.794 0.802 0.775 0.789 0.816 0.827 0.891 0.916 0.958 0.977 0.988 0.999

knownMean=TRUE, n=100:
1.000 0.997 0.996 0.980 0.940 0.878 0.773 0.618 0.359 0.173 0.345 0.602 0.779 0.882 0.961 0.978 0.988 0.996 0.999